
79,99,31,72,34,11,43,42,39,52,32,77,93
34,88,46,72,93,56,63
15,12,99,92,84,48,76,82,79,81,61,31,56,63,46,45,72
46,79,54,76,27,37,96
42,34,79,72,54,76,48
93,72,82,81,46,16,45,92,65,47,27,88,15,63,76,79,84,52,56
71,46,55,18,34,64,42,77,11,31,51,26,45,43,44,47,88,33,32
21,38,74,61,82,51,39,65,91,96,16,32,15,58,63,37,43
31,56,48,63,16,61,12
65,27,12,37,96,21,51,74,59,11,39,33,55
57,44,43,74,11,64,12
45,31,59,71,88,21,34,26,96,11,47
18,42,55,77,64,47,71,45,88,31,52,46,99,79,72,93,54,56,76,48,84
59,11,39,32,33,18,42,77,45,81,52,99,79
12,57,91,37,96,74,59,44,11,43,33,18,42,55,34,77,64
38,59,33,18,71,45,88
21,37,58,91,15,44,12
34,46,26,88,72,71,52,93,47
33,26,77,64,47,52,46,79,93,76,48
45,88,99,15,48,77,31,81,76,26,93,52,47,84,56,54,79,82,64,55,71,34,46
48,93,47,34,54,42,46,76,99,26,84,71,88,45,56,81,52,18,64,55,77,31,72
56,55,52,71,33,64,99,93,76,18,31,26,46,34,79,42,45,77,72
96,43,18,92,57,42,74,37,33,59,38,51,11,61,58,21,12,27,44,16,91
64,47,99,48,84
56,76,48,84,82,15,63,92,65,61,12,57,58,91,37,96,21,38,51,59,44
27,59,65,51,16,57,43,12,18,91,61,96,37,39,58,63,21
45,52,99,79,48,82,63,65,16,61,12
58,37,96,21,38,74,59,44,32,43,33,18,34,26,77,64,71
96,63,82,58,12,51,92,91,37,59,57,61,15,11,16,27,44,84,38,74,39,21,48
56,93,52,16,72,61,82,46,27,54,48,84,79
54,93,15,63,38,76,82,21,65,37,91,84,57,92,61,16,58,56,48
21,84,59,61,15,12,57,74,44,96,16,38,63,51,32,27,82,58,65
93,76,48,52,65,37,58,27,99,15,61,84,63,92,16,56,91,82,72
48,82,12,91,21,51,39
44,33,37,34,59,32,96,18,55,58,38,39,47,21,26
16,27,61,12,91,96,21,51,74,59,32,33,18,42,34
32,74,42,59,51,34,96,91,43,39,44,57,27
31,46,84,99,15,64,48,81,55,82,45
15,27,61,12,37,96,38,74,44
43,34,71,88,81,72,54,56,76
51,74,21,96,71,34,26,59,38,42,64,11,18,37,45,43,39
45,88,31,81,52,79,72,54,56,76,84,15,63,65,16,61,12
58,48,21,56,92,51,38,54,84,72,96,93,63,65,57,27,76,61,12,15,37,82,91
82,79,16,48,91,12,15,57,76,56,96,58,63,72,99,61,37,93,65,54,27,92,84
93,91,65,58,81,46,12
48,15,63,92,74,11,39
92,27,42,21,11,12,44,32,96,51,74,16,61,33,58,91,38,57,59,65,18
56,61,72,15,12,51,57,27,48,76,96
63,56,79,93,58,84,46,76,72,82,57,27,54,15,92
45,48,84,31,15,88,81,64,26,92,63,99,79,52,82,47,54,56,46
47,71,45,88,31,52,46,99,79,93,54,56,48,84,82,15,63,92,65,16,27
91,84,15,99,93,72,79,61,27,46,65,81,76,54,12,52,57
76,64,34,48,99
18,64,26,46,42,99,45,43,81,34,74,11,47
33,34,26,71,52,72,54,56,48
42,47,11,45,77,32,43,64,44,79,72,33,52
16,99,92,27,65,31,47,82,79,63,46
12,81,91,61,56,15,65,93,57
58,37,96,21,38,51,74,59,11,39,32,43,18,42,77,47,71
96,38,51,74,59,44,11,39,32,33,18,55,34,26,77,47,45,88,31
63,92,65,16,27,61,12,57,58,91,37,96,21,38,51,74,59,44,11,39,43,33,18
43,33,79,45,81,54,34,88,64,18,52,99,76,93,77
58,91,37,96,21,38,51,74,44,11,39,32,43,33,18,42,55,34,26,77,64,47,71
81,15,55,56,48,26,54
52,46,99,79,72,54,56,48,82,15,63,92,65,16,27,61,12,57,58,91,37
71,45,79,72,56
63,46,76,56,16,71,45,47,92,48,52,81,88,27,93,99,79,84,65,54,31
59,44,32,55,47,45,79
76,81,92,45,52,72,15,48,64,26,54
79,72,54,56,48,84,15,65,16,27,61,12,57,58,91,37,96,21,38
79,93,84,63,92,65,61,57,58,96,38
81,99,93,54,56,27,91
99,79,72,93,54,56,76,48,84,15,63,92,65,16,61,12,91,37,21
96,61,65,21,91,54,99
64,72,46,11,26,77,18,44,79,52,33
51,74,59,11,39,32,43,34,26,64,46
21,92,63,57,91,38,58,54,84,74,15,59,16,27,96,51,82,56,48
91,56,76,58,99,72,93,54,61,52,79,48,46
63,91,16,59,18,32,39
33,11,74,71,31,51,96
63,91,37,96,44,32,18
72,93,76,48,84,82,15,63,92,65,16,27,61,12,58,91,96
43,82,65,59,63,37,74,11,61,39,91,58,16
39,51,44,92,43,96,57,12,42,16,32,38,91,21,74
58,91,16,43,63,96,18,37,65
33,72,54,34,77,99,31,26,88,39,81
16,27,56,93,82,92,84,31,76,65,46,52,57,58,81
54,56,76,48,84,82,15,63,92,65,27,61,12,57,58,37,21,38,51,74,59
99,79,72,93,76,48,84,82,15,92,16,27,12,57,58,91,37,96,21
32,33,18,12,39,77,34,96,61,74,44,21,91,37,42,57,51,26,58,11,38,55,59
44,18,55,12,34,58,51,59,33
82,21,59,16,96,15,44,84,74,63,92,51,39,37,61,27,91,38,32
57,58,91,37,38,51,44,11,39,32,43,33,18,42,55,34,77,64,47
39,32,18,42,55,34,26,77,64,71,45,88,31,81,52,99,79,93,54
99,65,52,77,81,71,93
81,79,47,99,18,42,59,77,52,44,55,64,11,34,26
33,77,47,71,88,79,48
16,27,61,57,58,91,37,96,51,74,59,44,11,39,32,43,33,18,42,55,34
37,57,91,27,12,96,65,61,51,39,58,59,44,21,15,92,32,43,11,38,33,16,63
48,84,15,92,16,27,61,12,57,91,21,38,51,59,44,11,39
65,27,61,12,37,38,59
42,26,47,71,88,81,52,46,79,72,54,48,82
64,18,33,88,51,81,38,47,52,71,34,26,55,11,31
34,26,64,47,71,45,88,81,52,46,79,72,93,56,48,84,82,15,63
47,45,81,46,72,54,56,84,15,63,92,65,27
99,71,79,81,92,45,82,54,31,47,88,63,93
79,72,93,56,76,48,84,82,15,92,65,27,12,57,58,91,96,21,38
71,44,31,11,46,88,55,33,18,39,52,79,34,47,64,45,77
57,91,37,38,51,43,18,55,34
72,93,54,56,76,48,84,15,92,16,61,57,58,91,37,96,21,38,51
65,56,48,63,46,79,72,88,15,99,64,45,71,84,16
77,64,47,71,45,88,31,81,52,46,99,79,72,54,56,76,48,84,82,15,63,92,65
11,57,42,91,58,18,51,61,12,43,27,32,92
65,91,63,51,39,58,57,84,92,48,12
79,93,54,56,82,15,92,27,61,12,37,96,21
79,46,76,26,47,99,54,43,71,45,34
48,31,54,52,46,63,15,92,88,56,77,47,72,65,64,79,81,71,99
59,81,51,39,38,33,71,74,55,64,26,45,52
34,88,47,56,15,72,26,79,77,45,71,93,63,76,84
21,38,51,74,59,11,43,18,47,31,81
65,33,39,21,91,11,37,59,58,44,63,74,16,18,57,12,43,92,61,27,32,51,96
72,82,65,15,79,63,46,52,54,93,16,56,48,12,61,76,84,99,92
57,91,61,96,84,46,54,16,63,99,48,92,37,56,58
42,71,26,45,51,11,32,33,81,43,77,18,64,21,55,34,31,88,59,47,39,44,38
82,48,76,37,61,57,63,84,58,15,56,79,27,72,91,54,12,21,99
54,63,96,74,58,59,37,84,27,57,91
47,84,82,77,71,88,15,31,52,56,65,92,72,63,64,81,48,54,93,45,46,79,99
55,43,44,18,58
44,11,39,18,77,71,45,79,72
79,46,56,72,84,31,88,52,99,93,71,61,16,76,63,54,65,45,27
93,47,52,64,84
18,55,26,47,46,99,93
12,15,63,74,27,82,43,37,38,21,51,96,39,32,59,61,16
45,88,31,81,52,46,99,79,72,93,54,56,76,48,84,82,15,63,92,65,16,27,12
16,27,61,12,57,58,91,37,96,21,38,51,59,11,39,32,43,33,18,42,34
16,59,12,57,27,65,38,61,48,74,91,82,84,21,51
92,58,15,61,43,32,37,21,44,91,16,27,96,57,51,12,59,65,39,11,33
37,44,32,33,42,55,26,64,88
64,72,71,45,55,42,46,79,81,32,93,77,54,34,31,47,26,39,18,33,88
84,46,72,37,15,76,65,79,58,16,96,54,57,48,82,92,61
71,92,79,16,31,61,63,76,99,84,82,46,72,27,81,56,54,48,88
55,79,26,32,33,45,31,56,64,46,77
96,38,74,11,39,32,33,18,55,34,64
61,65,38,58,39,15,91,12,21
33,18,42,55,26,77,64,47,71,45,88,31,81,52,46,99,79,72,93,54,48
57,48,76,61,91,37,21,82,58,38,84,96,72,16,54,12,79,56,15,63,65
27,72,61,54,57,52,56,99,88,84,76,46,79,48,16
42,47,88,31,52,46,72,93,76
77,71,31,99,93,56,48,84,65
77,64,71,52,46,99,79,82,15,63,92
56,76,48,84,82,15,92,65,16,27,61,12,57,58,91,37,96,51,74,59,44
88,16,48,57,65,27,82
82,15,63,65,16,27,61,12,57,58,37,96,21,38,51,74,59,44,11,39,32
21,38,51,74,59,44,39,32,43,33,18,42,34,77,64,47,81
16,27,61,12,91,96,21,51,74,59,44,11,43,33,18,42,34
33,38,12,44,55,91,27,43,37,59,18,26,51,11,34,58,21,32,61,42,57
64,77,46,56,88
34,26,45,31,99,79,93,76,48
44,37,96,43,51,34,32,58,33,26,27
91,92,65,21,51,58,59,57,96,32,74,12,27
72,48,15,65,96
58,51,39,18,59,55,34,12,16,42,74
59,44,11,39,32,43,33,18,42,55,34,26,77,64,71,45,88,31,81,52,46,99,79
56,57,96,74,15,82,21,63,92,65,84,76,91,61,48,44,16,38,59
88,99,84,15,63,79,45,61,27,93,46,65,12
57,51,61,55,43,12,77
15,63,92,65,16,27,61,12,58,91,37,96,21,38,51,74,59,44,11,39,32,43,33
46,81,55,76,15,45,52
58,92,16,57,48,61,38,82,72,51,54,56,63,93,37,12,84,91,96,15,21,65,76
33,43,42,34,38,51,59,55,64,74,31,52,18,47,39,88,44,26,32,77,71
82,55,56,52,48,71,34,26,42,93,45,77,79
32,33,42,64,47,88,31,81,79,72,56
39,71,96,59,21,11,43,18,77,42,45,51,88,44,33,74,31,64,47
99,72,71,77,48,26,46,76,47,64,56,92,52,45,54,82,31,88,15
96,61,15,82,92,27,72,58,79,38,65,48,57,91,84,63,21
33,26,31,42,18,55,99,39,54,45,93,72,71,79,81,88,77,52,47,46,43
65,56,58,12,27,52,54,91,46,99,16,82,72,92,81
32,43,42,26,64,47,71,45,88,31,81,46,99,79,72,54,56
42,55,64,45,46,93,76,84,82
59,11,39,43,33,18,42,34,77,64,47,71,45,88,31,52,46,99,79
44,42,26,77,47,71,45,88,31,81,52,99,72
34,64,47,31,52,46,93,76,63
82,32,96,74,12,15,38,43,57,63,91
72,56,76,48,84,82,15,63,92,65,16,27,61,12,57,58,91,37,96,38,51
74,59,44,11,39,43,33,55,34,77,64,47,71,88,31,81,52,46,99
45,88,31,81,52,46,99,79,93,54,56,76,48,84,82,15,63,92,65,16,27,61,12
96,21,51,74,44,11,43,33,18,77,64,47,71,88,31
27,61,57,58,91,37,96,21,38,51,74,59,44,11,32,43,33,18,55,34,26
92,65,57,21,38,11,39,32,43,33,42
32,55,47,31,71,52,39,42,79,11,45,93,72,18,26,99,34,88,81,46,43,77,33
91,16,57,82,93,96,48,37,38,21,56,58,61,15,92,74,84
92,61,12,57,21,39,42
91,37,96,21,38,51,74,11,43,33,42,55,77,64,45
46,99,79,72,93,54,76,84,82,15,63,92,65,16,27,12,57,58,91,37,96
